# Metallic super-Wieferich members: x^2 - kx - 1, k <= 1000, p in [5, 10^6], depth >= 3
# columns: k p depth   (depth = largest d with V_p(k,-1) === k mod p^d)
# regenerate: python3 scripts/metallic_supers.py
57 5 3
68 5 3
125 5 3
182 5 4
193 5 3
250 5 3
307 5 3
318 5 3
375 5 3
432 5 3
443 5 4
500 5 3
557 5 3
568 5 3
625 5 4
682 5 3
693 5 3
750 5 3
807 5 4
818 5 3
875 5 3
932 5 3
943 5 3
1000 5 3
24 7 3
37 7 3
167 7 3
176 7 4
306 7 4
319 7 3
343 7 3
367 7 4
380 7 3
510 7 3
519 7 3
649 7 3
662 7 3
686 7 3
710 7 3
723 7 3
853 7 3
862 7 3
992 7 3
24 11 3
103 11 4
285 11 3
586 11 3
610 11 3
721 11 3
745 11 3
124 13 3
171 13 3
239 13 4
352 13 3
420 13 3
495 17 3
111 23 3
281 23 3
64 29 3
840 43 3
408 47 3
402 61 3
707 127 3
735 127 3
700 157 3
790 163 3
